Original Numbers:
470
943
539
786
250
327
776
136
320
557
12
7
373
59
601
675
259
453
252
559
989
262
753
269
560
645
521
299
743
152
547
347
953
327
86
864
881
915
675
127
257
371
795
276
105
329
940
964
986
181
501
648
965
793
35
472
207
341
992
900
732
172
828
900
437
768
276
81
940
841
831
87
654
720
353
574
418
91
639
723
259
761
151
150
271
398
790
882
311
798
903
387
845
229
333
816
830
15
585
608
302
552
630
829
137
321
494
757
773
424
194
812
183
83
73
915
346
898
207
192
482
701
862
285
320
427
85
873
465
23
835
790
800
543
701
408
116
371
980
121
669
776
178
730
668
331
786
785
496
800
69
890
315
798
131
612
175
499
809
59
463
562
618
157
870
550
936
291
369
657
600
559
641
503
918
952
795
502
52
769
419
481
679
637
772
704
225
636
329
23
686
334
140
514
287
675
419
247
29
209
213
440
106
947
893
35
970
579
599
85
246
416
260
613
407
855
683
338
945
627
130
775
464
475
610
486
853
950
926
828
740
54
285
845
40
994
681
405
6
616
281
211
753
526
113
853
160
312
575
458
899
124
15
742
871
528
168
657
566
529
707
1
548
733
462
915
340
292
967
510
854
891
389
598
220
211
745
440
633
1000
128
467
261
691
59
30
367
945
700
320
690
70
579
263
876
221
820
949
857
763
425
128
770
60
19
770
122
852
987
785
981
159
775
174
337
927
388
721
159
252
923
500
927
481
374
926
932
420
893
397
743
714
307
11
407
374
312
828
981
462
424
996
168
633
79
813
660
34
988
59
200
142
324
309
815
464
132
660
344
866
757
273
142
740
576
959
985
654
381
442
891
31
689
623
478
507
999
921
586
309
44
536
974
395
880
826
503
377
437
277
444
418
248
101
782
156
1000
295
640
160
914
97
837
403
434
976
306
660
746
830
374
971
558
764
781
426
756
559
240
880
501
125
539
48
806
603
823
483
511
716
257
515
905
644
297
958
729
124
171
58
691
357
716
72
255
874
13
659
285
46
535
431
408
545
112
232
494
553
262
426
623
583
483
417
248
379
173
269
68
889
651
524
507
203
739
587
445
900
765
381
713
600
1
711
380
357
352
2
980
677
215
569
342
294
872
706
898
840
746
320
162
83
440
228
952
187
504
764
207
412
403
901
169
588
932
449
380
248
429
210
923
362
590
734
163
49
568
740
430
249
530
752
349
478
809
771
481
467
827
54
390
306
757
159
639
930
636
438
896
893
40
402
972
229
292
641
949
38
168
158
914
758
275
511
144
146
869
831
252
648
182
964
790
535
196
474
603
7
347
689
202
522
688
947
964
395
774
799
729
48
372
199
504
7
376
554
674
386
334
483
389
405
59
195
423
286
488
641
448
790
549
127
770
374
573
830
913
326
945
503
700
71
708
791
398
660
940
517
232
944
97
208
845
2
1000
673
272
472
210
448
947
66
524
115
212
563
421
217
643
789
333
978
772
724
88
928
500
552
718
999
25
730
935
169
204
784
154
145
384
957
800
413
880
978
49
672
117
880
986
982
613
702
339
323
406
352
471
70
935
843
840
176
719
724
754
503
142
206
334
749
551
858
927
822
11
805
857
620
344
312
346
838
941
656
25
246
994
527
116
817
38
372
792
844
587
183
107
928
109
482
978
321
506
403
819
387
845
173
701
731
478
563
391
74
270
422
363
288
660
278
598
761
815
498
865
136
628
501
254
218
361
385
970
322
551
742
275
82
380
966
617
77
913
360
266
800
383
194
406
349
239
750
640
443
280
417
565
188
715
486
611
243
343
897
587
749
538
711
944
696
769
410
153
759
206
498
267
448
88
237
298
134
602
835
8
481
607
859
972
443
431
770
600
343
765
788
307
793
594
703
842
657
897
399
936
396
295
370
333
927
479
351
952
258
935
538
250
205
373
567
641
325
682
480
95
707
857
803
82
744
714
722
565
878
52
987
562
466
891
82
19
333
69
408
987
902
877
84
600
588
487
860
54
579
5
978
397
635
236
976
440
351
342
860
600
891
605
372
484
956
775
926
444
150
527
557
300
194
872
965
130
895
357
509
529
833
260
127
233
818
772
199
779
807
607
418
667
835
722
558
979
101
852
10
931
263
160
33
554
210
581
502
798
475
762
665
782
168
613
89
927
173
457
346
952
494
576
932
176
127
302
851
837
321
335
612
800
316
333
290
390
599
633
750
51
988
760
336
818
63
186
923
987
823
197
797
544
282
506
46
740
262
521
50
233
302
332
118
668
840

Binary Numbers:
111010110
1110101111
1000011011
1100010010
11111010
101000111
1100001000
10001000
101000000
1000101101
1100
111
101110101
111011
1001011001
1010100011
100000011
111000101
11111100
1000101111
1111011101
100000110
1011110001
100001101
1000110000
1010000101
1000001001
100101011
1011100111
10011000
1000100011
101011011
1110111001
101000111
1010110
1101100000
1101110001
1110010011
1010100011
1111111
100000001
101110011
1100011011
100010100
1101001
101001001
1110101100
1111000100
1111011010
10110101
111110101
1010001000
1111000101
1100011001
100011
111011000
11001111
101010101
1111100000
1110000100
1011011100
10101100
1100111100
1110000100
110110101
1100000000
100010100
1010001
1110101100
1101001001
1100111111
1010111
1010001110
1011010000
101100001
1000111110
110100010
1011011
1001111111
1011010011
100000011
1011111001
10010111
10010110
100001111
110001110
1100010110
1101110010
100110111
1100011110
1110000111
110000011
1101001101
11100101
101001101
1100110000
1100111110
1111
1001001001
1001100000
100101110
1000101000
1001110110
1100111101
10001001
101000001
111101110
1011110101
1100000101
110101000
11000010
1100101100
10110111
1010011
1001001
1110010011
101011010
1110000010
11001111
11000000
111100010
1010111101
1101011110
100011101
101000000
110101011
1010101
1101101001
111010001
10111
1101000011
1100010110
1100100000
1000011111
1010111101
110011000
1110100
101110011
1111010100
1111001
1010011101
1100001000
10110010
1011011010
1010011100
101001011
1100010010
1100010001
111110000
1100100000
1000101
1101111010
100111011
1100011110
10000011
1001100100
10101111
111110011
1100101001
111011
111001111
1000110010
1001101010
10011101
1101100110
1000100110
1110101000
100100011
101110001
1010010001
1001011000
1000101111
1010000001
111110111
1110010110
1110111000
1100011011
111110110
110100
1100000001
110100011
111100001
1010100111
1001111101
1100000100
1011000000
11100001
1001111100
101001001
10111
1010101110
101001110
10001100
1000000010
100011111
1010100011
110100011
11110111
11101
11010001
11010101
110111000
1101010
1110110011
1101111101
100011
1111001010
1001000011
1001010111
1010101
11110110
110100000
100000100
1001100101
110010111
1101010111
1010101011
101010010
1110110001
1001110011
10000010
1100000111
111010000
111011011
1001100010
111100110
1101010101
1110110110
1110011110
1100111100
1011100100
110110
100011101
1101001101
101000
1111100010
1010101001
110010101
110
1001101000
100011001
11010011
1011110001
1000001110
1110001
1101010101
10100000
100111000
1000111111
111001010
1110000011
1111100
1111
1011100110
1101100111
1000010000
10101000
1010010001
1000110110
1000010001
1011000011
1
1000100100
1011011101
111001110
1110010011
101010100
100100100
1111000111
111111110
1101010110
1101111011
110000101
1001010110
11011100
11010011
1011101001
110111000
1001111001
1111101000
10000000
111010011
100000101
1010110011
111011
11110
101101111
1110110001
1010111100
101000000
1010110010
1000110
1001000011
100000111
1101101100
11011101
1100110100
1110110101
1101011001
1011111011
110101001
10000000
1100000010
111100
10011
1100000010
1111010
1101010100
1111011011
1100010001
1111010101
10011111
1100000111
10101110
101010001
1110011111
110000100
1011010001
10011111
11111100
1110011011
111110100
1110011111
111100001
101110110
1110011110
1110100100
110100100
1101111101
110001101
1011100111
1011001010
100110011
1011
110010111
101110110
100111000
1100111100
1111010101
111001110
110101000
1111100100
10101000
1001111001
1001111
1100101101
1010010100
100010
1111011100
111011
11001000
10001110
101000100
100110101
1100101111
111010000
10000100
1010010100
101011000
1101100010
1011110101
100010001
10001110
1011100100
1001000000
1110111111
1111011001
1010001110
101111101
110111010
1101111011
11111
1010110001
1001101111
111011110
111111011
1111100111
1110011001
1001001010
100110101
101100
1000011000
1111001110
110001011
1101110000
1100111010
111110111
101111001
110110101
100010101
110111100
110100010
11111000
1100101
1100001110
10011100
1111101000
100100111
1010000000
10100000
1110010010
1100001
1101000101
110010011
110110010
1111010000
100110010
1010010100
1011101010
1100111110
101110110
1111001011
1000101110
1011111100
1100001101
110101010
1011110100
1000101111
11110000
1101110000
111110101
1111101
1000011011
110000
1100100110
1001011011
1100110111
111100011
111111111
1011001100
100000001
1000000011
1110001001
1010000100
100101001
1110111110
1011011001
1111100
10101011
111010
1010110011
101100101
1011001100
1001000
11111111
1101101010
1101
1010010011
100011101
101110
1000010111
110101111
110011000
1000100001
1110000
11101000
111101110
1000101001
100000110
110101010
1001101111
1001000111
111100011
110100001
11111000
101111011
10101101
100001101
1000100
1101111001
1010001011
1000001100
111111011
11001011
1011100011
1001001011
110111101
1110000100
1011111101
101111101
1011001001
1001011000
1
1011000111
101111100
101100101
101100000
10
1111010100
1010100101
11010111
1000111001
101010110
100100110
1101101000
1011000010
1110000010
1101001000
1011101010
101000000
10100010
1010011
110111000
11100100
1110111000
10111011
111111000
1011111100
11001111
110011100
110010011
1110000101
10101001
1001001100
1110100100
111000001
101111100
11111000
110101101
11010010
1110011011
101101010
1001001110
1011011110
10100011
110001
1000111000
1011100100
110101110
11111001
1000010010
1011110000
101011101
111011110
1100101001
1100000011
111100001
111010011
1100111011
110110
110000110
100110010
1011110101
10011111
1001111111
1110100010
1001111100
110110110
1110000000
1101111101
101000
110010010
1111001100
11100101
100100100
1010000001
1110110101
100110
10101000
10011110
1110010010
1011110110
100010011
111111111
10010000
10010010
1101100101
1100111111
11111100
1010001000
10110110
1111000100
1100010110
1000010111
11000100
111011010
1001011011
111
101011011
1010110001
11001010
1000001010
1010110000
1110110011
1111000100
110001011
1100000110
1100011111
1011011001
110000
101110100
11000111
111111000
111
101111000
1000101010
1010100010
110000010
101001110
111100011
110000101
110010101
111011
11000011
110100111
100011110
111101000
1010000001
111000000
1100010110
1000100101
1111111
1100000010
101110110
1000111101
1100111110
1110010001
101000110
1110110001
111110111
1010111100
1000111
1011000100
1100010111
110001110
1010010100
1110101100
1000000101
11101000
1110110000
1100001
11010000
1101001101
10
1111101000
1010100001
100010000
111011000
11010010
111000000
1110110011
1000010
1000001100
1110011
11010100
1000110011
110100101
11011001
1010000011
1100010101
101001101
1111010010
1100000100
1011010100
1011000
1110100000
111110100
1000101000
1011001110
1111100111
11001
1011011010
1110100111
10101001
11001100
1100010000
10011010
10010001
110000000
1110111101
1100100000
110011101
1101110000
1111010010
110001
1010100000
1110101
1101110000
1111011010
1111010110
1001100101
1010111110
101010011
101000011
110010110
101100000
111010111
1000110
1110100111
1101001011
1101001000
10110000
1011001111
1011010100
1011110010
111110111
10001110
11001110
101001110
1011101101
1000100111
1101011010
1110011111
1100110110
1011
1100100101
1101011001
1001101100
101011000
100111000
101011010
1101000110
1110101101
1010010000
11001
11110110
1111100010
1000001111
1110100
1100110001
100110
101110100
1100011000
1101001100
1001001011
10110111
1101011
1110100000
1101101
111100010
1111010010
101000001
111111010
110010011
1100110011
110000011
1101001101
10101101
1010111101
1011011011
111011110
1000110011
110000111
1001010
100001110
110100110
101101011
100100000
1010010100
100010110
1001010110
1011111001
1100101111
111110010
1101100001
10001000
1001110100
111110101
11111110
11011010
101101001
110000001
1111001010
101000010
1000100111
1011100110
100010011
1010010
101111100
1111000110
1001101001
1001101
1110010001
101101000
100001010
1100100000
101111111
11000010
110010110
101011101
11101111
1011101110
1010000000
110111011
100011000
110100001
1000110101
10111100
1011001011
111100110
1001100011
11110011
101010111
1110000001
1001001011
1011101101
1000011010
1011000111
1110110000
1010111000
1100000001
110011010
10011001
1011110111
11001110
111110010
100001011
111000000
1011000
11101101
100101010
10000110
1001011010
1101000011
1000
111100001
1001011111
1101011011
1111001100
110111011
110101111
1100000010
1001011000
101010111
1011111101
1100010100
100110011
1100011001
1001010010
1010111111
1101001010
1010010001
1110000001
110001111
1110101000
110001100
100100111
101110010
101001101
1110011111
111011111
101011111
1110111000
100000010
1110100111
1000011010
11111010
11001101
101110101
1000110111
1010000001
101000101
1010101010
111100000
1011111
1011000011
1101011001
1100100011
1010010
1011101000
1011001010
1011010010
1000110101
1101101110
110100
1111011011
1000110010
111010010
1101111011
1010010
10011
101001101
1000101
110011000
1111011011
1110000110
1101101101
1010100
1001011000
1001001100
111100111
1101011100
110110
1001000011
101
1111010010
110001101
1001111011
11101100
1111010000
110111000
101011111
101010110
1101011100
1001011000
1101111011
1001011101
101110100
111100100
1110111100
1100000111
1110011110
110111100
10010110
1000001111
1000101101
100101100
11000010
1101101000
1111000101
10000010
1101111111
101100101
111111101
1000010001
1101000001
100000100
1111111
11101001
1100110010
1100000100
11000111
1100001011
1100100111
1001011111
110100010
1010011011
1101000011
1011010010
1000101110
1111010011
1100101
1101010100
1010
1110100011
100000111
10100000
100001
1000101010
11010010
1001000101
111110110
1100011110
111011011
1011111010
1010011001
1100001110
10101000
1001100101
1011001
1110011111
10101101
111001001
101011010
1110111000
111101110
1001000000
1110100100
10110000
1111111
100101110
1101010011
1101000101
101000001
101001111
1001100100
1100100000
100111100
101001101
100100010
110000110
1001010111
1001111001
1011101110
110011
1111011100
1011111000
101010000
1100110010
111111
10111010
1110011011
1111011011
1100110111
11000101
1100011101
1000100000
100011010
111111010
101110
1011100100
100000110
1000001001
110010
11101001
100101110
101001100
1110110
1010011100
1101001000

Hexadecimal Numbers:
1D6
3AF
21B
312
FA
147
308
88
140
22D
C
7
175
3B
259
2A3
103
1C5
FC
22F
3DD
106
2F1
10D
230
285
209
12B
2E7
98
223
15B
3B9
147
56
360
371
393
2A3
7F
101
173
31B
114
69
149
3AC
3C4
3DA
B5
1F5
288
3C5
319
23
1D8
CF
155
3E0
384
2DC
AC
33C
384
1B5
300
114
51
3AC
349
33F
57
28E
2D0
161
23E
1A2
5B
27F
2D3
103
2F9
97
96
10F
18E
316
372
137
31E
387
183
34D
E5
14D
330
33E
F
249
260
12E
228
276
33D
89
141
1EE
2F5
305
1A8
C2
32C
B7
53
49
393
15A
382
CF
C0
1E2
2BD
35E
11D
140
1AB
55
369
1D1
17
343
316
320
21F
2BD
198
74
173
3D4
79
29D
308
B2
2DA
29C
14B
312
311
1F0
320
45
37A
13B
31E
83
264
AF
1F3
329
3B
1CF
232
26A
9D
366
226
3A8
123
171
291
258
22F
281
1F7
396
3B8
31B
1F6
34
301
1A3
1E1
2A7
27D
304
2C0
E1
27C
149
17
2AE
14E
8C
202
11F
2A3
1A3
F7
1D
D1
D5
1B8
6A
3B3
37D
23
3CA
243
257
55
F6
1A0
104
265
197
357
2AB
152
3B1
273
82
307
1D0
1DB
262
1E6
355
3B6
39E
33C
2E4
36
11D
34D
28
3E2
2A9
195
6
268
119
D3
2F1
20E
71
355
A0
138
23F
1CA
383
7C
F
2E6
367
210
A8
291
236
211
2C3
1
224
2DD
1CE
393
154
124
3C7
1FE
356
37B
185
256
DC
D3
2E9
1B8
279
3E8
80
1D3
105
2B3
3B
1E
16F
3B1
2BC
140
2B2
46
243
107
36C
DD
334
3B5
359
2FB
1A9
80
302
3C
13
302
7A
354
3DB
311
3D5
9F
307
AE
151
39F
184
2D1
9F
FC
39B
1F4
39F
1E1
176
39E
3A4
1A4
37D
18D
2E7
2CA
133
B
197
176
138
33C
3D5
1CE
1A8
3E4
A8
279
4F
32D
294
22
3DC
3B
C8
8E
144
135
32F
1D0
84
294
158
362
2F5
111
8E
2E4
240
3BF
3D9
28E
17D
1BA
37B
1F
2B1
26F
1DE
1FB
3E7
399
24A
135
2C
218
3CE
18B
370
33A
1F7
179
1B5
115
1BC
1A2
F8
65
30E
9C
3E8
127
280
A0
392
61
345
193
1B2
3D0
132
294
2EA
33E
176
3CB
22E
2FC
30D
1AA
2F4
22F
F0
370
1F5
7D
21B
30
326
25B
337
1E3
1FF
2CC
101
203
389
284
129
3BE
2D9
7C
AB
3A
2B3
165
2CC
48
FF
36A
D
293
11D
2E
217
1AF
198
221
70
E8
1EE
229
106
1AA
26F
247
1E3
1A1
F8
17B
AD
10D
44
379
28B
20C
1FB
CB
2E3
24B
1BD
384
2FD
17D
2C9
258
1
2C7
17C
165
160
2
3D4
2A5
D7
239
156
126
368
2C2
382
348
2EA
140
A2
53
1B8
E4
3B8
BB
1F8
2FC
CF
19C
193
385
A9
24C
3A4
1C1
17C
F8
1AD
D2
39B
16A
24E
2DE
A3
31
238
2E4
1AE
F9
212
2F0
15D
1DE
329
303
1E1
1D3
33B
36
186
132
2F5
9F
27F
3A2
27C
1B6
380
37D
28
192
3CC
E5
124
281
3B5
26
A8
9E
392
2F6
113
1FF
90
92
365
33F
FC
288
B6
3C4
316
217
C4
1DA
25B
7
15B
2B1
CA
20A
2B0
3B3
3C4
18B
306
31F
2D9
30
174
C7
1F8
7
178
22A
2A2
182
14E
1E3
185
195
3B
C3
1A7
11E
1E8
281
1C0
316
225
7F
302
176
23D
33E
391
146
3B1
1F7
2BC
47
2C4
317
18E
294
3AC
205
E8
3B0
61
D0
34D
2
3E8
2A1
110
1D8
D2
1C0
3B3
42
20C
73
D4
233
1A5
D9
283
315
14D
3D2
304
2D4
58
3A0
1F4
228
2CE
3E7
19
2DA
3A7
A9
CC
310
9A
91
180
3BD
320
19D
370
3D2
31
2A0
75
370
3DA
3D6
265
2BE
153
143
196
160
1D7
46
3A7
34B
348
B0
2CF
2D4
2F2
1F7
8E
CE
14E
2ED
227
35A
39F
336
B
325
359
26C
158
138
15A
346
3AD
290
19
F6
3E2
20F
74
331
26
174
318
34C
24B
B7
6B
3A0
6D
1E2
3D2
141
1FA
193
333
183
34D
AD
2BD
2DB
1DE
233
187
4A
10E
1A6
16B
120
294
116
256
2F9
32F
1F2
361
88
274
1F5
FE
DA
169
181
3CA
142
227
2E6
113
52
17C
3C6
269
4D
391
168
10A
320
17F
C2
196
15D
EF
2EE
280
1BB
118
1A1
235
BC
2CB
1E6
263
F3
157
381
24B
2ED
21A
2C7
3B0
2B8
301
19A
99
2F7
CE
1F2
10B
1C0
58
ED
12A
86
25A
343
8
1E1
25F
35B
3CC
1BB
1AF
302
258
157
2FD
314
133
319
252
2BF
34A
291
381
18F
3A8
18C
127
172
14D
39F
1DF
15F
3B8
102
3A7
21A
FA
CD
175
237
281
145
2AA
1E0
5F
2C3
359
323
52
2E8
2CA
2D2
235
36E
34
3DB
232
1D2
37B
52
13
14D
45
198
3DB
386
36D
54
258
24C
1E7
35C
36
243
5
3D2
18D
27B
EC
3D0
1B8
15F
156
35C
258
37B
25D
174
1E4
3BC
307
39E
1BC
96
20F
22D
12C
C2
368
3C5
82
37F
165
1FD
211
341
104
7F
E9
332
304
C7
30B
327
25F
1A2
29B
343
2D2
22E
3D3
65
354
A
3A3
107
A0
21
22A
D2
245
1F6
31E
1DB
2FA
299
30E
A8
265
59
39F
AD
1C9
15A
3B8
1EE
240
3A4
B0
7F
12E
353
345
141
14F
264
320
13C
14D
122
186
257
279
2EE
33
3DC
2F8
150
332
3F
BA
39B
3DB
337
C5
31D
220
11A
1FA
2E
2E4
106
209
32
E9
12E
14C
76
29C
348

Time Elapsed: 0.00 seconds
